1.52056
0.851856
1.01767
1.11208
1.23665
0.962654
0.825942
0.885785
0.768845
0.758152
0.728519
0.741693
0.691898
0.681063
0.759438
0.821259
0.826311
0.844399
0.769683
0.772245
0.690181
0.646475
0.592789
0.626945
0.580669
0.566137
0.522553
0.479834
0.532142
0.502896
0.504054
0.53572
0.544877
0.52556
0.53662
0.537627
0.536089
0.572464
0.554646
0.573631
0.573792
0.591315
0.582231
0.607057
0.590232
0.578648
0.596617
0.620793
0.591987
0.617107
0.616339
0.590221
0.571097
0.578848
0.5987
0.588842
0.564345
0.53841
0.535608
0.513169
0.500082
0.522853
0.541643
0.557442
0.545789
0.546902
0.540615
0.551499
0.551298
0.557753
0.558275
0.538269
0.535182
0.552213
0.568749
0.576567
0.567168
0.575481
0.579842
0.57337
0.579422
0.566233
0.563271
0.576091
0.586815
0.579887
0.569623
0.582242
0.576274
0.581649
0.5958
0.597649
0.601674
0.612039
0.608951
0.621065
0.616676
0.625121
0.62944
0.640474
0.638564
0.628847
0.64071
0.651476
0.639967
0.649431
0.65199
0.648693
0.65062
0.64328
0.649719
0.643225
0.640551
0.63211
0.62281
0.615964
0.616421
0.613311
0.60403
0.613333
0.602557
0.592522
0.591659
0.597221
0.608078
0.617577
0.621008
0.617325
0.622224
0.618253
0.612637
0.605698
0.606809
0.60029
0.591823
0.596268
0.587364
0.593111
0.585192
0.589835
0.580145
0.58909
0.579079
0.578979
0.571736
0.565903
0.571532
0.575765
0.578409
0.587234
0.589427
0.593965
0.58538
0.577713
0.577603
0.568995
0.560337
0.554347
0.553277
0.558938
0.559939
0.564301
0.55566
0.549061
0.557855
0.552163
0.558856
0.551817
0.560347
0.552123
0.558319
0.55052
0.54163
0.548685
0.550016
0.544284
0.538324
0.536283
0.543003
0.548092
0.545491
0.546106
0.547157
0.546127
0.548916
0.542196
0.542465
0.546344
0.542993
0.550539
0.551483
0.557115
0.560671
0.562352
0.554885
0.558398
0.563176
0.569302
0.574581
0.579173
0.585935
0.589131
0.594653
0.601301
0.603249
0.602707
0.597341
0.601633
0.60673
0.600179
0.601832
0.597787
0.599151
0.594891
0.597249
0.594255
0.591453
0.587338
0.581106
0.582552
0.578427
0.580116
0.5799
0.585858
0.582544
0.58279
0.585324
0.579861
0.579139
0.580002
0.585426
0.584423
0.581953
0.586061
0.584858
0.578184
0.575891
0.576814
0.580675
0.577013
0.578878
0.57834
0.577795
0.575078
0.577369
0.573183
0.574366
0.568512
0.567201
0.569284
0.571087
0.572443
0.570344
0.566342
0.567365
0.568592
0.571019
0.568748
0.571268
0.567557
0.572137
0.573977
0.575442
0.572398
0.572492
0.567569
0.564625
0.568608
0.570429
0.565654
0.561109
0.559358
0.559983
0.560785
0.56238
0.559859
0.562629
0.56012
0.558073
0.554541
0.559518
0.554026
0.557306
0.555324
0.551848
0.551
0.555617
0.559788
0.56233
0.564175
0.560048
0.561751
0.560351
0.562945
0.567237
0.571229
0.574645
0.57141
0.574117
0.574351
0.572083
0.575867
0.579673
0.583101
0.58281
0.583287
0.57972
0.577259
0.580549
0.580215
0.579607
0.582707
0.582404
0.580145
0.576847
0.578353
0.580259
0.576601
0.577331
0.577018
0.579938
0.581779
0.578538
0.575721
0.575474
0.571757
0.568219
0.566734
0.564934
0.568664
0.572159
0.573044
0.57586
0.57849
0.57822
0.576514
0.575346
0.576533
0.577271
0.574916
0.571628
0.567669
0.564042
0.56514
0.563765
0.561745
0.560109
0.556412
0.555625
0.559191
0.559736
0.557568
0.558754
0.560806
0.560529
0.557471
0.560528
0.561412
0.561389
0.558784
0.5591
0.558325
0.560891
0.559853
0.557588
0.556004
0.557727
0.5587
0.562483
0.561002
0.564053
0.560946
0.560065
0.555937
0.558054
0.560089
0.558288
0.555075
0.557823
0.559416
0.55571
0.555165
0.558831
0.560302
0.557893
0.55754
0.560222
0.556927
0.553692
0.552654
0.550998
0.552071
0.554298
0.551355
0.547819
0.544315
0.543884
0.545891
0.54722
0.546671
0.543705
0.544265
0.544741
0.544852
0.545446
0.544313
0.542762
0.545515
0.545232
0.542706
0.543403
0.543485
0.544244
0.544834
0.542801
0.545076
0.541875
0.538896
0.541837
0.539378
0.539154
0.53711
0.539339
0.537767
0.53667
0.539248
0.538061
0.54018
0.541199
0.537868
0.536092
0.537941
0.538726
0.54096
0.539543
0.537533
0.535374
0.536063
0.533314
0.534429
0.536271
0.537678
0.535564
0.534816
0.533495
0.532976
0.531097
0.530263
0.530415
0.528045
0.528352
0.525067
0.524218
0.523386
0.522052
0.523566
0.521941
0.522874
0.523166
0.525852
0.527006
0.528959
0.530179
0.528898
0.529777
0.526533
0.526688
0.528835
0.529531
0.530379
0.530433
0.529737
0.5288
0.530125
0.531968
0.533021
0.530769
0.527773
0.524982
0.52609
0.524088
0.524778
0.525971
0.526338
0.523198
0.520099
0.518858
0.517353
0.518271
0.520423
0.518433
0.517428
0.518411
0.520676
0.521563
0.52039
0.522673
0.520737
0.518635
0.518618
0.520551
0.521559
0.523927
0.522041
0.521371
0.52255
0.524689
0.52492
0.52628
0.528772
0.527149
0.529595
0.529839
0.53231
0.532215
0.532458
0.534943
0.536611
0.538357
0.538828
0.539659
0.542429
0.544848
0.543758
0.545814
0.546235
0.546932
0.548316
0.549787
0.551362
0.549925
0.55042
0.55016
0.548195
0.549762
0.551712
0.5537
0.554517
0.553929
0.554451
0.554887
0.555592
0.555703
0.553661
0.553998
0.551333
0.552341
0.552344
0.554067
0.55405
0.551843
0.551694
0.551657
0.549118
0.550729
0.550016
0.550667
0.550319
0.548318
0.547766
0.546328
0.545748
0.543096
0.544177
0.54449
0.54607
0.546426
0.546063
0.545863
0.548389
0.545986
0.543672
0.544333
0.544764
0.543239
0.541705
0.54231
0.544434
0.545591
0.54532
0.544925
0.546655
0.548904
0.551126
0.553085
0.554362
0.553419
0.553515
0.551994
0.551791
0.553987
0.553725
0.555578
0.557845
0.556153
0.555848
0.557162
0.558403
0.560333
0.55902
0.560228
0.562438
0.561498
0.560911
0.561112
0.56128
0.561783
0.560157
0.55995
0.559164
0.559822
0.561766
0.56025
0.560672
0.562356
0.560354
0.559642
0.558084
0.5587
0.559054
0.559812
0.560181
0.55796
0.558159
0.558372
0.557045
0.554652
0.553819
0.551392
0.553328
0.553726
0.554926
0.556674
0.558635
0.556998
0.556663
0.556516
0.557816
0.558378
0.56047
0.558762
0.557703
0.559396
0.55868
0.560447
0.561503
0.561296
0.560151
0.562122
0.560284
0.561876
0.562348
0.563257
0.565108
0.563562
0.562469
0.560854
0.559408
0.559892
0.558329
0.556547
0.555226
0.557165
0.554883
0.55327
0.551479
0.55123
0.55182
0.553605
0.551737
0.552171
0.550176
0.549628
0.549539
0.549183
0.548193
0.546987
0.548743
0.548963
0.547527
0.545407
0.545041
0.546354
0.547397
0.546699
0.548809
0.54671
0.546745
0.545375
0.546013
0.546813
0.545998
0.547618
0.548183
0.54743
0.545423
0.546505
0.547742
0.548527
0.549237
0.550897
0.550025
0.551031
0.550098
0.551343
0.549949
0.550265
0.548302
0.546547
0.545034
0.543891
0.542296
0.542612
0.540695
0.542273
0.54408
0.542161
0.543879
0.543689
0.542616
0.542919
0.541483
0.541777
0.541621
0.542869
0.544571
0.544619
0.544897
0.545779
0.544587
0.543558
0.544046
0.544143
0.542107
0.543811
0.54313
0.541873
0.541909
0.54145
0.540612
0.541286
0.541817
0.541532
0.540545
0.541309
0.540581
0.53938
0.540367
0.539345
0.540026
0.53804
0.539367
0.540718
0.541065
0.540302
0.540915
0.540967
0.54229
0.541247
0.540231
0.538495
0.538502
0.539984
0.540369
0.540438
0.541644
0.543384
0.544253
0.543586
0.542984
0.541154
0.53925
0.537279
0.537181
0.536331
0.53709
0.538278
0.538257
0.538083
0.536412
0.535178
0.535071
0.536648
0.534854
0.533221
0.532205
0.53297
0.533352
0.531761
0.533474
0.534825
0.533517
0.533383
0.534313
0.535317
0.533415
0.533669
0.534516
0.535388
0.536928
0.53537
0.536402
0.538025
0.53649
0.535606
0.534592
0.5357
0.534153
0.535025
0.534157
0.532906
0.534483
0.535403
0.533873
0.535603
0.536828
0.536201
0.536863
0.536659
0.536374
0.536893
0.536205
0.536528
0.535136
0.533571
0.533087
0.53173
0.532271
0.530837
0.532176
0.532435
0.531353
0.531922
0.531987
0.531275
0.532828
0.53375
0.532357
0.530667
0.530684
0.530288
0.529225
0.529022
0.527779
0.527066
0.526799
0.525015
0.525516
0.524165
0.524002
0.522508
0.523468
0.524447
0.525067
0.526477
0.527733
0.52617
0.524556
0.524622
0.523467
0.52493
0.523542
0.523126
0.523433
0.523886
0.524552
0.524661
0.524309
0.525394
0.525633
0.527056
0.526067
0.527031
0.526569
0.526133
0.524725
0.52575
0.525336
0.526151
0.527602
0.52876
0.529854
0.530549
0.530973
0.530993
0.53138
0.531353
0.531584
0.532128
0.530506
0.531334
0.531634
0.530386
0.529157
0.528105
0.529002
0.530121
0.530874
0.529785
0.530308
0.529652
0.528307
0.529566
0.528213
0.528115
0.527324
0.5263
0.52557
0.526062
0.527507
0.526561
0.526555
0.527441
0.528843
0.527638
0.526935
0.527105
0.527548
0.528737
0.527835
0.528371
0.528761
0.529811
0.530795
0.531648
0.530086
0.530346
0.530694
0.531513
0.532364
0.531634
0.530238
0.531427
0.530342
0.52928
0.528799
0.528586
0.528168
0.528609
0.527304
0.52672
0.527868
0.52818
0.526893
0.527835
0.528598
0.528247
0.527795
0.527432
0.526683
0.52697
0.525581
0.526818
0.526577
0.527746
0.528266
0.528113
0.527995
0.527317
0.526427
0.525607
0.525819
0.525173
0.523983
0.524734
0.524647
0.524577
0.523599
0.524686
0.523526
0.522863
0.521866
0.520311
0.521524
0.520852
0.521779
0.522219
0.522772
0.521754
0.520338
0.521723
0.522541
0.521337
0.522417
0.521502
0.522984
0.523071
0.523557
0.52343
0.524402
0.525565
0.52618
0.525867
0.524916
0.52591
0.524844
0.525342
0.524787
0.524303
0.524376
0.523853
